10778724 0
7649842 1
11089228 1
9207764 -1
8408775 1
7957648 1
11149170 1
11155855 1
11130283 -1
11114746 1
10319719 0
9716556 1
10086891 1
7373800 1
10321772 1
10710381 0
10864211 0
8241872 1
8882544 1
9101701 0
11146690 1
2579246 1
10946573 1
10505966 1
7025541 1
11119926 1
10350141 1
10771759 -1
7527549 1
11070396 1
9949075 -1
11075207 1
6713154 1
10971262 1
10964993 0
11122951 0
11087546 1
7695041 1
10616411 -1
10786050 -1
10054604 1
11112626 1
7291264 1
11148016 -1
9248253 1
10696437 0
9334361 -1
8797675 -1
3871096 -1
10339468 1
9780823 -1
10749239 1
10446484 -1
10680424 0
10219376 1
11127042 -1
8280893 1
9303767 1
10258720 1
8408336 0
11085067 -1
10591689 -1
11150363 1
9427224 1
9036677 -1
11136854 -1
11140837 1
11127590 -1
7291282 1
7616568 1
11090933 1
10292808 0
10433942 -1
11134302 1
10722277 1
10022526 1
10202249 0
10574713 1
7706938 1
10956522 -1
9300711 0
10189903 1
11069130 1
7891775 -1
10619092 1
11072535 1
10752531 0
9779907 -1
11091687 1
7997445 1
8390187 1
11061156 1
8426304 -1
10981177 -1
7390097 -1
7345529 1
9818039 -1
11144818 -1
8138478 -1
10628527 -1
10888487 0
6253179 -1
6979087 1
10605722 -1
8767039 1
11092779 1
11142079 -1
10725521 0
10938611 1
10203287 1
11118663 1
11108461 1
10930457 -1
11135660 1
7089897 1
10233903 1
11132391 1
8205944 1
8968288 1
11126795 1
