27
29
29
29
29
29
29
29
30
29
29
30
30
29
29
29
29
30
30
29
30
29
29
29
29
30
18
27
29
29
29
29
29
29
29
29
29
29
1
29
29
29
5
29
29
29
29
29
30
29
29
28
27
30
30
29
30
30
29
30
29
29
30
29
30
27
27
13
29
29
29
30
30
29
29
29
29
29
20
29
29
29
3
29
29
29
29
29
29
29
30
29
13
27
30
30
10
25
29
29
29
29
29
30
29
29
30
20
29
20
29
29
29
13
30
30
29
30
29
30
30
29
30
29
29
29
29
29
29
30
30
30
29
29
29
30
29
29
29
29
30
18
29
29
29
29
29
29
13
29
29
24
29
30
29
28
30
20
30
30
29
29
29
29
29
29
29
27
29
30
27
29
29
29
29
29
27
27
29
13
20
29
29
29
29
29
29
17
29
29
30
13
13
27
29
29
30
29
29
34
29
30
29
29
30
20
30
30
28
13
29
29
29
29
30
29
24
29
29
29
29
29
29
27
27
13
27
29
13
29
27
2
29
29
29
13
13
29
29
29
30
30
29
29
29
29
29
29
30
1
29
29
29
27
30
29
29
29
29
28
29
29
30
29
20
29
29
29
29
29
29
29
29
30
29
29
29
30
11
29
30
30
29
27
30
29
29
29
27
29
29
13
13
30
13
29
30
27
13
29
29
29
29
29
29
27
29
29
29
29
29
24
29
28
29
29
30
30
30
29
29
29
10
29
29
30
13
30
30
29
30
6
28
29
30
10
29
13
30
26
29
29
29
29
29
29
29
29
29
29
27
29
29
29
29
29
29
29
20
29
10
29
30
27
13
29
29
29
29
29
29
29
13
29
29
29
30
30
29
29
29
29
29
27
30
29
30
29
27
29
29
29
30
29
27
29
29
7
29
29
29
29
29
29
29
29
29
29
29
29
29
10
30
29
13
29
30
29
31
30
29
29
29
27
27
29
27
13
29
29
29
13
1
30
29
29
10
24
29
27
29
29
27
27
29
30
30
29
29
20
29
29
29
30
24
27
17
27
28
25
29
29
29
29
29
29
29
30
29
29
29
29
32
29
29
13
29
13
29
30
29
30
30
30
29
29
29
20
29
29
29
20
29
29
29
30
27
27
29
29
13
13
29
20
20
29
30
27
29
29
29
29
29
29
28
29
27
29
15
29
27
29
29
30
29
27
29
29
29
29
29
30
29
29
29
29
30
29
29
27
29
29
28
29
13
27
29
13
13
29
30
30
29
29
29
29
29
27
29
29
29
29
29
29
29
30
29
29
16
29
30
18
27
29
18
29
28
29
27
29
16
29
29
29
29
29
29
30
29
27
27
29
28
29
29
29
13
29
29
13
22
29
29
13
29
29
29
29
29
29
29
29
27
27
29
13
30
30
29
29
30
29
27
18
29
29
29
29
21
29
20
29
27
29
29
29
29
30
29
29
30
27
29
27
30
29
29
27
30
29
29
29
29
29
29
4
24
29
29
29
30
30
29
30
30
29
29
13
13
29
29
29
3
29
29
19
36
30
27
27
30
29
29
3
27
29
27
13
13
29
29
29
13
29
24
29
30
29
29
21
29
29
29
29
13
13
28
28
30
27
28
29
13
30
18
20
29
29
29
13
29
29
30
30
29
30
29
29
29
30
30
29
5
29
27
30
30
30
13
29
29
29
20
24
29
29
29
18
27
29
29
29
29
29
29
6
30
29
29
29
29
29
27
29
29
29
29
29
29
29
29
30
29
26
29
29
29
29
13
12
13
23
13
29
29
29
29
29
24
29
29
30
29
29
29
29
29
27
29
30
30
29
29
29
27
27
29
29
29
27
27
29
29
27
29
29
29
30
29
28
30
27
29
28
29
13
27
27
13
29
29
29
29
29
29
27
29
29
29
30
30
29
13
29
28
28
27
20
29
1
27
29
29
29
29
29
29
29
24
29
28
29
29
29
17
29
29
29
29
29
29
29
29
29
13
28
30
28
30
18
29
29
13
29
29
18
29
29
29
27
29
29
29
29
30
13
28
30
29
29
29
29
30
27
29
29
29
27
30
24
27
29
30
29
30
13
29
18
29
27
29
29
29
29
29
28
29
29
28
27
29
29
29
18
13
29
30
29
29
29
29
29
28
29
9
28
29
20
29
10
13
30
29
29
29
29
28
29
29
29
29
30
27
4
30
29
29
13
13
29
29
29
29
10
30
29
29
20
29
29
13
27
27
13
26
24
13
30
29
24
27
30
29
30
30
29
29
29
27
30
30
30
8
28
29
2
27
30
29
29
1
29
30
20
10
29
33
28
29
29
29
29
29
29
29
30
29
28
27
30
29
29
29
30
29
29
29
27
30
30
27
27
30
10
29
27
29
29
20
20
29
30
24
13
27
29
29
30
30
25
13
28
29
29
29
29
29
14
29
22
34
16
30
6
29
27
29
29
29
29
29
29
30
29
29
4
30
29
29
29
29
29
29
29
30
29
30
27
30
29
29
29
29
30
29
29
24
29
29
29
29
29
29
28
13
29
29
30
29
29
15
29
30
35
30
13
30
29
29
20
29
29
29
30
13
