10052409 0
10432704 0
11102642 0
11151812 0
10898461 10
7198022 1
6261178 2
10958608 -1
11134242 2
10661714 1
10624780 1
6914141 0
7485255 0
11100473 -1
10864211 1
10507580 3
8616580 0
10153331 0
10404463 1
7844838 4
9816443 3
11113548 4
10496359 0
2221106 4
10064853 1
11032670 4
10259738 0
10327983 0
9385927 2
10797982 0
10772243 0
6708039 0
10073324 2
10117039 1
10163363 -1
11082937 0
10461289 0
10670460 0
10258413 -1
7369172 -1
6812107 4
10774412 0
7757051 0
9551392 5
10570818 4
8367833 0
11089339 0
8455031 0
11138846 0
8746842 0
7291270 -1
10302009 -1
2237735 -1
10020616 -1
10578510 1
2371491 1
10049282 2
7897186 6
7485296 7
11112645 2
10331803 1
9953670 10
6457162 0
7295640 0
9114010 3
6957072 1
10038393 0
11094987 3
10748165 10
7694623 0
7303331 0
8108144 2
7003053 0
10225750 4
10465443 0
7719845 0
8492485 0
7463030 1
9887692 0
9601520 6
11155396 8
10268881 4
10033937 0
7371437 1
10017826 0
9934980 0
9114000 2
4198749 1
7289334 4
10496196 1
9870141 -1
7306873 0
10461093 8
10071183 0
10523812 0
7306875 0
10364707 -1
7192980 7
10164651 2
8786077 0
6850465 8
10888487 1
11070785 4
10120876 8
9631161 0
7891624 0
11088289 1
11069548 -1
7306868 0
10753513 0
10110823 2
9871463 6
7955314 2
7306867 0
11046446 2
11134201 0
7458910 9
11153192 2
9975233 4
9304530 0
10380186 6
8436565 2
7334064 6
11138807 5
11146667 0
10104576 -1
10798455 2
8408417 0
10965782 3
6933506 0
11085142 0
10433877 -1
10044864 -1
7424490 -1
8368316 7
9579316 0
10523444 0
7400726 0
10825247 1
7565083 4
8181880 0
7847270 0
11011100 5
10710381 1
9862729 -1
10966400 2
8394851 6
10700583 0
11126203 0
10964225 0
10501885 -1
10173806 0
8191667 0
10759084 4
10055985 0
10853954 -1
10536519 -1
9943804 7
10432526 0
10808921 2
11088879 4
7437585 2
9741899 6
7719897 2
11098675 2
11100095 0
11076206 0
7870768 7
10999302 1
10309268 -1
9702812 5
10558312 7
10696437 1
10349928 0
11115350 2
11073170 0
7548972 0
9555116 6
11075340 0
6753439 0
8566128 1
11077525 1
8241247 0
10663780 0
8323448 4
10558986 0
10530177 0
10915088 -1
7778897 2
7953764 1
9437030 2
5367271 -1
10410955 5
11138642 0
7990707 0
8906224 4
10739286 10
11077558 2
11149526 7
10617871 0
9533527 6
10407534 4
7325782 6
7162932 4
8065357 0
10638356 1
10740288 6
10821079 0
10031595 5
9075257 -1
6786591 0
8021525 9
10438284 2
22899 4
9101115 4
9508138 4
8695534 9
11152920 0
10184745 1
6998886 2
6379121 1
5057867 5
7377152 8
10136592 8
11114444 2
7720693 1
11090755 1
10972063 1
10791831 0
11126666 9
10409734 6
11125338 0
9407628 0
7288637 10
8623297 7
10078422 10
10388072 -1
6829807 3
8416217 0
10284052 1
7799785 4
11010682 4
10950040 0
7464741 9
10995152 0
11122076 -1
8802063 0
9743895 0
10539740 4
9686415 0
7321537 1
7742388 4
10411693 1
7495974 9
10787288 2
10195658 0
11071374 2
7264768 4
8282726 0
10512018 1
9389973 0
7413866 1
7777238 0
11086885 6
7289825 0
11040646 0
11085559 1
10528617 -1
11140104 2
11005879 4
7801459 0
11075965 -1
8402162 0
10402953 0
11140101 2
7711417 4
10964993 1
11122951 1
3427656 4
10640680 0
6501620 0
7712741 4
10621928 0
10894799 -1
11106471 6
11070061 6
10008357 4
7276987 10
10568292 9
6571847 4
11036107 4
7875811 0
6741507 0
2581068 0
11095337 7
7083746 -1
10916409 0
10674028 1
11154755 1
10734781 4
10299613 3
9351125 0
10217990 0
10446516 1
10055489 2
10112371 0
3912909 0
7401620 0
10024772 1
11076832 4
10068356 2
10578072 4
7561403 0
8774666 0
11119717 2
9453081 0
8566753 0
10596979 4
7715806 0
9746979 4
10678801 4
7433055 0
7993019 0
7369922 4
10271486 0
10903151 0
6806443 1
10323980 2
7761930 0
10432581 1
7733004 0
10859835 2
8426304 1
7779689 10
8207292 -1
10747887 0
10612804 0
7959578 0
7764199 2
9484600 0
7474808 -1
6718554 0
6253179 1
6920017 6
10038719 1
7413803 8
10813401 4
8647763 0
7958499 0
10399109 -1
4329639 0
7328195 0
7011005 8
8572167 0
7449884 7
11090924 0
10964954 2
11097559 2
4165072 3
11097318 -1
11107530 0
11075308 0
11140320 9
7541677 -1
11070449 0
6378617 0
7454108 0
10521815 0
7691664 0
11083524 -1
7386209 4
10747663 2
11079260 1
9399955 6
10576524 0
9723086 4
8835830 2
8317872 0
10686076 9
11100991 9
3144547 6
11114910 -1
10518668 1
7487026 0
11143211 1
11097905 4
10237521 -1
10351313 2
10520746 10
9913719 7
8770880 0
6822547 0
10071781 0
10294554 3
4600003 -1
8411014 10
9585663 0
11059424 9
11072889 7
9336142 4
8212437 0
11100776 0
10821449 2
8457610 0
7842352 0
7692981 7
6886305 0
6234064 1
10425439 5
10198798 0
6735221 4
7854961 0
8249767 6
9810932 0
9690715 0
9948877 10
10659966 4
9409596 9
2312847 7
10820791 2
10268497 5
10062882 0
7542958 0
10518616 4
9669707 0
11100953 4
8582146 10
9668850 10
10378843 1
10007628 0
10202249 1
9943171 2
9782671 10
6773727 0
10698005 8
9935317 3
9674481 0
7432378 0
10748573 0
10483951 -1
10506204 1
11062407 1
8453045 6
7666209 1
11135823 2
11026350 6
11073776 10
10568093 2
10329238 1
7319879 4
7398886 3
10620247 1
11092025 -1
9695184 0
9675357 0
9927911 6
10086847 -1
10793345 0
11072435 10
8799093 -1
11148520 2
9992959 1
11087047 0
11021431 4
5075598 0
9898659 8
8216542 4
8192007 7
10957404 4
7281785 0
11114504 -1
9931563 0
11125652 -1
11124563 7
11124545 0
10431723 2
10099609 1
8181588 2
7385747 0
8948117 0
10878965 4
7385750 0
6919958 0
6800023 2
10544654 0
8297784 -1
7382003 1
7050591 1
11146324 0
7133608 0
9297180 2
11089441 4
6821179 2
11089687 4
7957426 0
9852874 1
6023549 2
11137411 4
11138741 3
10163002 0
11076164 5
10545531 4
10048299 0
11069881 8
7857820 0
10586042 2
9864865 2
10513941 0
5801900 1
7542236 0
7244139 4
10966145 0
7451127 0
10941261 4
11136791 10
7454875 0
11136794 -1
10323281 0
10635539 0
10569952 0
10837190 4
10499529 0
7377919 6
11087284 1
6757995 5
7577148 3
7464666 1
11072827 2
10555991 4
11048716 0
10455748 0
8408336 1
10447280 0
11102963 -1
11125846 0
10288378 1
9836366 7
7719959 0
10243227 0
11111437 0
7819960 4
10360002 0
6464823 7
7844918 7
11102730 0
9874870 4
10373792 2
11134546 0
10691689 0
9495262 3
10659309 4
9539587 0
6490282 6
10415227 0
11155033 4
7891530 0
7404554 1
10349238 10
10752531 1
10971924 0
10775433 -1
10560088 2
11069676 1
11082612 0
8812769 1
11137851 0
10073491 2
10739109 1
9307915 0
8584705 4
10626624 3
11110129 0
10064325 2
10751472 3
7542419 10
10121600 0
9116570 -1
10965014 2
10725521 1
10359252 4
10756905 2
10171966 1
9038127 1
10679369 5
11026066 1
10002442 4
9414428 1
10711127 0
9783104 0
11112315 0
9676163 2
8136967 4
10778724 1
9561903 1
7629958 1
11102366 1
10085051 0
11153717 9
11086115 5
9902166 0
9984259 3
10566292 2
7494488 2
11114587 1
8065656 -1
10514857 0
11086122 -1
7425230 2
10730797 0
11061288 0
7513997 6
7629701 2
10422630 7
10992810 8
8313706 7
10034941 -1
4816941 3
10873665 0
10931641 2
8207427 0
8452934 6
9849412 0
10568240 0
7775690 10
10951270 3
11148387 0
9882201 -1
9439110 8
7955405 0
10616411 1
7719779 0
10440029 1
10442208 0
11140654 2
10928462 -1
11073299 0
11010359 0
9888237 5
11141746 -1
10232743 3
11077658 0
10034957 5
10231652 4
11085011 3
9580650 0
11024518 7
9860409 0
9850624 0
7650341 3
8457170 4
9600378 3
9525844 0
11099895 -1
10649773 0
11118978 4
9898281 0
8022975 5
9530127 0
10660153 6
11080607 1
9833496 1
9719580 1
11068728 2
10547974 1
11077435 10
9933948 1
9651514 0
11012999 2
10715910 2
10995285 4
11101001 4
11145288 0
10417471 7
9104718 2
11103668 0
9473897 0
10578480 1
10725701 1
10292808 1
10475989 9
10515908 8
7827983 0
8065473 0
9890103 1
11134390 3
9250478 0
9680239 0
11032114 3
6996571 -1
9779907 1
11068746 7
7387080 0
10472261 6
8401086 0
7955603 0
10543148 2
7729140 2
9872842 2
8773278 1
10770817 0
9846319 0
6966976 1
11114566 2
8568873 0
9031317 1
10057876 4
10297465 -1
8241574 0
7335448 4
9921928 8
8370986 8
11071908 6
8429886 0
7066794 0
11023863 4
7151962 8
8088315 0
9054666 2
7620906 5
10218484 5
10569755 0
11101033 0
9664742 0
10071846 2
9914307 0
11108505 4
10663220 0
11093044 0
11139013 4
10502101 10
9924111 1
10035987 3
9902565 1
11096791 1
10228308 2
10573530 4
11070162 4
10261382 0
10959026 0
10535019 0
11076705 0
10903228 0
11127277 0
6774563 0
10364125 2
9913465 2
10760908 -1
7834474 0
11108517 0
9036801 0
10229878 2
8137071 0
8796766 6
9765319 7
9847519 0
7573560 4
10137797 0
9832470 4
10756894 1
11073422 2
10479110 6
9995569 7
8672619 10
4877599 1
11155956 2
8402496 0
6727797 0
11132632 2
9250693 1
11153773 2
11075870 2
7306272 0
10842088 1
8237819 0
8477720 -1
9742476 3
10911078 4
8588426 0
10474912 0
11064978 10
7433153 0
7823334 2
10502557 4
10735991 0
9950676 0
10525490 0
10433570 0
8065808 -1
2666761 0
10485839 1
10997979 -1
10724900 4
8063443 2
7239419 0
11150486 0
8065618 0
10630100 5
10820274 7
9295779 -1
10949669 -1
10597948 -1
10916345 -1
11042741 -1
8938075 0
10715181 1
9388568 1
10439091 4
10320589 0
7152871 1
10032052 0
11094191 1
11098783 0
10083874 4
8137036 4
9300711 1
8452219 0
10042083 0
10994484 3
8453565 0
10915224 9
10434624 1
9724078 2
11085205 -1
10755390 10
10609528 10
10312987 4
7800417 4
10421786 4
10666508 6
9869716 4
9809687 4
8634587 2
11085691 0
10469140 6
10834685 0
10120074 6
10696114 9
10948379 0
10799172 10
6931254 6
8920585 0
10895341 4
10579036 8
10034006 4
10168209 6
9356733 0
10571781 0
8005597 4
11076990 2
7389657 0
7493683 7
8991956 5
10217673 4
11036417 1
10257031 0
10685097 5
4198026 1
7542646 10
10447128 4
7410087 7
11125929 2
10950846 10
9982632 5
6987019 0
10211281 0
8414669 6
10319719 1
10516599 4
10997940 0
10328686 0
9743143 3
7450097 8
9101701 1
8450088 0
7398304 3
11101721 4
9202763 0
9908037 1
9202522 0
10137703 9
8577707 0
11105094 2
10925884 5
9270668 0
9222111 0
8182046 2
9918076 0
10340541 -1
10025560 10
11072733 0
10643216 5
10045394 0
11142001 -1
11071646 1
2117060 1
7744020 7
11153133 3
10968156 -1
10897793 0
9352713 0
11135987 -1
10413575 0
10365835 -1
10560050 -1
10236787 1
10644771 2
7431374 0
8073816 0
11153389 0
10059326 -1
10680424 1
11113721 -1
10575305 0
7420487 4
10062738 1
8908034 1
10196259 1
11015139 10
10363420 0
7317548 2
7162001 7
10069366 1
8670831 0
10404830 5
2423584 6
6821555 -1
9746204 2
9391069 0
11083440 0
7399844 -1
10281348 7
11139054 0
8293788 1
10133775 6
11118116 0
11152269 3
9279697 4
6772742 4
10956352 -1
10924128 0
9862025 4
10798926 0
11072548 -1
10310704 6
11141364 2
10340594 7
7704630 7
10990279 0
8941087 4
10153375 6
8750966 0
8585534 0
10110409 0
7714679 -1
10353442 -1
8796964 2
11087815 0
9004675 1
10297930 0
11155791 9
10598864 0
10900165 1
10415741 6
10992460 10
8184264 0
10199540 2
10096524 0
6697055 0
8213216 8
11142240 9
10482744 2
10003379 6
8162018 0
10946124 10
11091043 4
6563756 0
11120207 -1
7756042 0
10019716 0
10389843 0
9470703 0
9934334 0
4282676 4
9366932 0
10563767 0
11121532 3
10024047 0
7261973 0
11118380 0
10234162 8
11134601 -1
10762985 0
10977068 10
10515490 2
10737331 6
10956147 0
9620561 5
7818580 2
10365641 0
11109432 0
