10052409
10432704
11102642
11151812
10898461
7198022
6261178
10958608
11134242
10661714
10624780
6914141
7485255
11100473
10864211
10507580
8616580
10153331
10404463
7844838
9816443
11113548
10496359
2221106
10064853
11032670
10259738
10327983
9385927
10797982
10772243
6708039
10073324
10117039
10163363
11082937
10461289
10670460
10258413
7369172
6812107
10774412
7757051
9551392
10570818
8367833
11089339
8455031
11138846
8746842
7291270
10302009
2237735
10020616
10578510
2371491
10049282
7897186
7485296
11112645
10331803
9953670
6457162
7295640
9114010
6957072
10038393
11094987
10748165
7694623
7303331
8108144
7003053
10225750
10465443
7719845
8492485
7463030
9887692
9601520
11155396
10268881
10033937
7371437
10017826
9934980
9114000
4198749
7289334
10496196
9870141
7306873
10461093
10071183
10523812
7306875
10364707
7192980
10164651
8786077
6850465
10888487
11070785
10120876
9631161
7891624
11088289
11069548
7306868
10753513
10110823
9871463
7955314
7306867
11046446
11134201
7458910
11153192
9975233
9304530
10380186
8436565
7334064
11138807
11146667
10104576
10798455
8408417
10965782
6933506
11085142
10433877
10044864
7424490
8368316
9579316
10523444
7400726
10825247
7565083
8181880
7847270
11011100
10710381
9862729
10966400
8394851
10700583
11126203
10964225
10501885
10173806
8191667
10759084
10055985
10853954
10536519
9943804
10432526
10808921
11088879
7437585
9741899
7719897
11098675
11100095
11076206
7870768
10999302
10309268
9702812
10558312
10696437
10349928
11115350
11073170
7548972
9555116
11075340
6753439
8566128
11077525
8241247
10663780
8323448
10558986
10530177
10915088
7778897
7953764
9437030
5367271
10410955
11138642
7990707
8906224
10739286
11077558
11149526
10617871
9533527
10407534
7325782
7162932
8065357
10638356
10740288
10821079
10031595
9075257
6786591
8021525
10438284
22899
9101115
9508138
8695534
11152920
10184745
6998886
6379121
5057867
7377152
10136592
11114444
7720693
11090755
10972063
10791831
11126666
10409734
11125338
9407628
7288637
8623297
10078422
10388072
6829807
8416217
10284052
7799785
11010682
10950040
7464741
10995152
11122076
8802063
9743895
10539740
9686415
7321537
7742388
10411693
7495974
10787288
10195658
11071374
7264768
8282726
10512018
9389973
7413866
7777238
11086885
7289825
11040646
11085559
10528617
11140104
11005879
7801459
11075965
8402162
10402953
11140101
7711417
10964993
11122951
3427656
10640680
6501620
7712741
10621928
10894799
11106471
11070061
10008357
7276987
10568292
6571847
11036107
7875811
6741507
2581068
11095337
7083746
10916409
10674028
11154755
10734781
10299613
9351125
10217990
10446516
10055489
10112371
3912909
7401620
10024772
11076832
10068356
10578072
7561403
8774666
11119717
9453081
8566753
10596979
7715806
9746979
10678801
7433055
7993019
7369922
10271486
10903151
6806443
10323980
7761930
10432581
7733004
10859835
8426304
7779689
8207292
10747887
10612804
7959578
7764199
9484600
7474808
6718554
6253179
6920017
10038719
7413803
10813401
8647763
7958499
10399109
4329639
7328195
7011005
8572167
7449884
11090924
10964954
11097559
4165072
11097318
11107530
11075308
11140320
7541677
11070449
6378617
7454108
10521815
7691664
11083524
7386209
10747663
11079260
9399955
10576524
9723086
8835830
8317872
10686076
11100991
3144547
11114910
10518668
7487026
11143211
11097905
10237521
10351313
10520746
9913719
8770880
6822547
10071781
10294554
4600003
8411014
9585663
11059424
11072889
9336142
8212437
11100776
10821449
8457610
7842352
7692981
6886305
6234064
10425439
10198798
6735221
7854961
8249767
9810932
9690715
9948877
10659966
9409596
2312847
10820791
10268497
10062882
7542958
10518616
9669707
11100953
8582146
9668850
10378843
10007628
10202249
9943171
9782671
6773727
10698005
9935317
9674481
7432378
10748573
10483951
10506204
11062407
8453045
7666209
11135823
11026350
11073776
10568093
10329238
7319879
7398886
10620247
11092025
9695184
9675357
9927911
10086847
10793345
11072435
8799093
11148520
9992959
11087047
11021431
5075598
9898659
8216542
8192007
10957404
7281785
11114504
9931563
11125652
11124563
11124545
10431723
10099609
8181588
7385747
8948117
10878965
7385750
6919958
6800023
10544654
8297784
7382003
7050591
11146324
7133608
9297180
11089441
6821179
11089687
7957426
9852874
6023549
11137411
11138741
10163002
11076164
10545531
10048299
11069881
7857820
10586042
9864865
10513941
5801900
7542236
7244139
10966145
7451127
10941261
11136791
7454875
11136794
10323281
10635539
10569952
10837190
10499529
7377919
11087284
6757995
7577148
7464666
11072827
10555991
11048716
10455748
8408336
10447280
11102963
11125846
10288378
9836366
7719959
10243227
11111437
7819960
10360002
6464823
7844918
11102730
9874870
10373792
11134546
10691689
9495262
10659309
9539587
6490282
10415227
11155033
7891530
7404554
10349238
10752531
10971924
10775433
10560088
11069676
11082612
8812769
11137851
10073491
10739109
9307915
8584705
10626624
11110129
10064325
10751472
7542419
10121600
9116570
10965014
10725521
10359252
10756905
10171966
9038127
10679369
11026066
10002442
9414428
10711127
9783104
11112315
9676163
8136967
10778724
9561903
7629958
11102366
10085051
11153717
11086115
9902166
9984259
10566292
7494488
11114587
8065656
10514857
11086122
7425230
10730797
11061288
7513997
7629701
10422630
10992810
8313706
10034941
4816941
10873665
10931641
8207427
8452934
9849412
10568240
7775690
10951270
11148387
9882201
9439110
7955405
10616411
7719779
10440029
10442208
11140654
10928462
11073299
11010359
9888237
11141746
10232743
11077658
10034957
10231652
11085011
9580650
11024518
9860409
9850624
7650341
8457170
9600378
9525844
11099895
10649773
11118978
9898281
8022975
9530127
10660153
11080607
9833496
9719580
11068728
10547974
11077435
9933948
9651514
11012999
10715910
10995285
11101001
11145288
10417471
9104718
11103668
9473897
10578480
10725701
10292808
10475989
10515908
7827983
8065473
9890103
11134390
9250478
9680239
11032114
6996571
9779907
11068746
7387080
10472261
8401086
7955603
10543148
7729140
9872842
8773278
10770817
9846319
6966976
11114566
8568873
9031317
10057876
10297465
8241574
7335448
9921928
8370986
11071908
8429886
7066794
11023863
7151962
8088315
9054666
7620906
10218484
10569755
11101033
9664742
10071846
9914307
11108505
10663220
11093044
11139013
10502101
9924111
10035987
9902565
11096791
10228308
10573530
11070162
10261382
10959026
10535019
11076705
10903228
11127277
6774563
10364125
9913465
10760908
7834474
11108517
9036801
10229878
8137071
8796766
9765319
9847519
7573560
10137797
9832470
10756894
11073422
10479110
9995569
8672619
4877599
11155956
8402496
6727797
11132632
9250693
11153773
11075870
7306272
10842088
8237819
8477720
9742476
10911078
8588426
10474912
11064978
7433153
7823334
10502557
10735991
9950676
10525490
10433570
8065808
2666761
10485839
10997979
10724900
8063443
7239419
11150486
8065618
10630100
10820274
9295779
10949669
10597948
10916345
11042741
8938075
10715181
9388568
10439091
10320589
7152871
10032052
11094191
11098783
10083874
8137036
9300711
8452219
10042083
10994484
8453565
10915224
10434624
9724078
11085205
10755390
10609528
10312987
7800417
10421786
10666508
9869716
9809687
8634587
11085691
10469140
10834685
10120074
10696114
10948379
10799172
6931254
8920585
10895341
10579036
10034006
10168209
9356733
10571781
8005597
11076990
7389657
7493683
8991956
10217673
11036417
10257031
10685097
4198026
7542646
10447128
7410087
11125929
10950846
9982632
6987019
10211281
8414669
10319719
10516599
10997940
10328686
9743143
7450097
9101701
8450088
7398304
11101721
9202763
9908037
9202522
10137703
8577707
11105094
10925884
9270668
9222111
8182046
9918076
10340541
10025560
11072733
10643216
10045394
11142001
11071646
2117060
7744020
11153133
10968156
10897793
9352713
11135987
10413575
10365835
10560050
10236787
10644771
7431374
8073816
11153389
10059326
10680424
11113721
10575305
7420487
10062738
8908034
10196259
11015139
10363420
7317548
7162001
10069366
8670831
10404830
2423584
6821555
9746204
9391069
11083440
7399844
10281348
11139054
8293788
10133775
11118116
11152269
9279697
6772742
10956352
10924128
9862025
10798926
11072548
10310704
11141364
10340594
7704630
10990279
8941087
10153375
8750966
8585534
10110409
7714679
10353442
8796964
11087815
9004675
10297930
11155791
10598864
10900165
10415741
10992460
8184264
10199540
10096524
6697055
8213216
11142240
10482744
10003379
8162018
10946124
11091043
6563756
11120207
7756042
10019716
10389843
9470703
9934334
4282676
9366932
10563767
11121532
10024047
7261973
11118380
10234162
11134601
10762985
10977068
10515490
10737331
10956147
9620561
7818580
10365641
11109432
